10
10
6
6
10
10
4
6
4
10
10
4
4
6
10
4
6
6
6
4
10
6
10
4
10
4
4
6
4
10
4
4
4
4
6
6
10
10
4
4
6
4
4
10
4
6
6
4
6
4
4
4
4
10
4
10
10
4
4
4
10
6
4
10
4
10
10
10
10
4
4
6
10
4
6
4
10
6
6
6
4
4
10
4
6
10
4
6
4
10
4
6
6
4
6
4
6
4
4
4
6
10
10
6
10
4
6
6
6
6
4
4
4
6
6
10
10
6
6
4
6
6
6
4
4
3
5
5
10
5
5
5
9
9
5
5
3
3
3
5
5
3
3
5
3
3
9
5
9
3
5
5
5
9
3
9
9
5
9
3
5
3
3
3
9
5
9
5
5
3
3
5
5
3
5
3
3
5
5
5
3
5
3
5
9
3
3
3
5
9
5
3
3
5
3
3
3
5
5
5
9
5
3
3
9
9
9
9
5
3
3
5
5
3
9
3
3
9
9
3
3
5
9
9
9
3
5
5
5
5
5
3
9
3
5
5
3
3
5
3
5
5
3
5
9
5
3
9
3
3
2
2
2
8
8
8
8
2
2
8
2
2
2
8
2
2
8
2
2
8
2
8
2
8
8
8
8
8
8
8
2
2
2
8
8
8
8
8
2
8
2
8
8
2
2
2
8
8
2
8
8
2
2
8
2
8
2
2
8
8
8
2
8
2
2
2
2
2
2
2
8
2
2
2
8
2
2
8
8
2
2
2
2
2
2
2
2
2
8
2
2
8
8
2
2
2
2
2
2
8
8
2
2
8
8
2
8
8
2
8
2
2
2
8
2
8
8
2
2
8
2
2
2
8
2
1
8
7
1
7
7
1
1
1
1
1
7
7
1
7
1
7
1
1
1
1
1
7
7
7
1
7
1
1
1
7
1
1
7
1
1
1
1
1
1
7
7
1
7
1
7
7
7
1
7
1
1
1
1
1
1
1
1
1
7
1
1
1
1
7
7
7
7
1
1
7
1
1
7
1
7
1
1
7
1
7
1
1
1
7
1
1
7
7
7
1
1
1
1
1
7
1
1
1
1
1
1
1
1
7
1
7
1
1
1
1
1
7
1
7
1
7
1
1
7
7
7
7
1
1
